14 2 61
58 6 93
93 7 98
115 9 149
56 13 72
44 1 62
5 6 58
7 8 98
57 46 140
24 3 60
34 4 59
98 8 115
61 15 75
114 19 151
55 23 73
15 16 75
13 14 72
2 15 61
95 17 132
1 5 62
17 18 132
56 49 129
18 19 114
23 24 73
19 20 151
60 25 76
113 29 152
54 33 74
3 25 60
25 26 76
136 45 176
96 27 130
27 28 130
33 34 74
4 35 59
59 35 77
28 29 113
29 30 152
6 7 93
9 10 149
35 36 77
94 37 131
37 38 131
112 39 157
57 43 71
38 39 112
54 47 128
39 40 157
55 48 127
147 78 191
146 45 179
124 50 143
42 43 57
12 13 56
22 23 55
158 53 180
32 33 54
126 51 141
133 56 159
102 52 181
59 47 74
103 40 170
60 48 73
152 30 169
61 49 72
151 20 168
43 44 71
149 10 164
58 46 71
104 53 123
77 36 94
36 37 94
76 26 96
26 27 96
75 16 95
16 17 95
46 57 71
5 58 62
41 42 97
42 57 97
180 53 182
10 11 164
134 54 163
30 31 169
135 55 162
20 21 168
31 32 134
122 63 172
21 22 135
185 51 190
11 12 133
186 50 187
97 57 183
120 86 129
62 58 71
44 62 71
49 56 72
14 61 72
48 55 73
24 60 73
47 54 74
34 59 74
49 61 75
120 69 143
48 60 76
119 68 141
47 59 77
125 52 142
121 67 142
121 88 128
119 87 127
105 66 177
140 85 183
91 65 108
147 51 173
107 65 156
106 80 148
106 63 155
145 50 171
92 66 109
137 45 178
46 58 93
153 64 184
114 69 132
146 79 189
113 68 130
148 80 181
112 67 131
123 53 158
110 64 167
129 86 159
108 65 165
142 52 144
109 66 166
127 87 162
8 9 115
93 70 116
47 77 94
94 67 121
49 75 95
95 69 120
48 76 96
96 68 119
155 63 161
116 85 140
115 89 123
70 93 98
105 79 145
137 81 150
154 81 182
122 85 161
107 78 147
145 79 179
146 101 191
128 88 163
148 52 174
40 41 170
150 81 184
89 104 123
138 101 189
143 50 186
156 65 188
100 80 155
141 51 185
102 78 156
134 91 169
126 82 173
135 92 168
104 89 167
133 90 164
110 90 175
111 86 186
112 83 125
103 83 157
113 82 126
108 82 152
114 84 124
109 84 151
110 89 149
70 98 115
116 70 158
46 93 116
65 91 117
117 88 144
66 92 118
118 87 185
87 119 141
48 96 119
86 120 143
49 95 120
52 102 144
47 94 121
41 97 170
170 97 172
70 115 123
161 85 180
124 84 171
69 114 124
125 83 174
67 112 125
165 107 173
68 113 126
118 92 162
48 119 127
117 91 163
47 121 128
111 90 159
49 120 129
68 96 130
28 113 130
67 94 131
38 112 131
69 95 132
18 114 132
12 56 133
86 111 159
32 54 134
88 117 163
22 55 135
87 118 162
160 106 174
78 102 136
80 100 137
147 101 190
66 118 138
145 99 187
46 116 140
122 97 183
68 126 141
138 118 185
88 121 142
67 125 142
69 124 143
139 111 186
144 102 188
88 142 144
150 99 179
184 139 187
177 138 189
176 146 191
51 126 173
52 125 174
136 102 181
90 110 164
89 115 149
45 137 150
99 145 179
92 109 168
84 114 151
91 108 169
82 113 152
64 139 184
53 104 154
137 100 182
81 137 182
80 106 155
65 117 188
78 107 156
40 103 157
83 112 157
85 116 158
70 123 158
56 129 159
90 133 159
83 103 160
63 106 160
63 122 161
100 155 161
55 127 162
92 135 162
54 128 163
91 134 163
11 133 164
110 149 164
65 107 165
82 108 165
66 105 166
84 109 166
89 110 167
21 135 168
109 151 168
31 134 169
108 152 169
160 103 172
97 122 172
50 124 171
105 145 171
63 160 172
103 170 172
107 147 173
82 165 173
106 148 174
83 160 174
64 110 175
90 111 175
78 136 176
45 146 176
79 105 177
66 138 177
45 136 178
80 137 178
79 146 179
45 150 179
85 158 180
100 161 180
52 148 181
53 154 182
100 180 182
85 122 183
57 140 183
99 150 184
81 153 184
101 138 190
87 141 185
50 145 187
86 143 186
99 184 187
139 186 187
117 144 188
102 156 188
101 146 189
79 177 189
51 147 190
138 185 190
101 147 191
78 176 191
104 167 153
64 153 167
104 153 154
81 154 153
105 171 166
84 166 171
111 139 175
64 175 139
136 181 178
80 178 181
