-1.5707963267949e+00 -1.5707963267949e+00
 1.5707963267949e+00 -1.5707963267949e+00
 1.5707963267949e+00  1.5707963267949e+00
-1.5707963267949e+00  1.5707963267949e+00
-1.2851969946504e+00 -1.5707963267949e+00
-9.9959766250584e-01 -1.5707963267949e+00
-7.1399833036132e-01 -1.5707963267949e+00
-4.2839899821679e-01 -1.5707963267949e+00
-1.4279966607226e-01 -1.5707963267949e+00
 1.4279966607226e-01 -1.5707963267949e+00
 4.2839899821679e-01 -1.5707963267949e+00
 7.1399833036132e-01 -1.5707963267949e+00
 9.9959766250584e-01 -1.5707963267949e+00
 1.2851969946504e+00 -1.5707963267949e+00
 1.5707963267949e+00 -1.2851969946504e+00
 1.5707963267949e+00 -9.9959766250584e-01
 1.5707963267949e+00 -7.1399833036132e-01
 1.5707963267949e+00 -4.2839899821679e-01
 1.5707963267949e+00 -1.4279966607226e-01
 1.5707963267949e+00  1.4279966607226e-01
 1.5707963267949e+00  4.2839899821679e-01
 1.5707963267949e+00  7.1399833036132e-01
 1.5707963267949e+00  9.9959766250584e-01
 1.5707963267949e+00  1.2851969946504e+00
 1.2851969946504e+00  1.5707963267949e+00
 9.9959766250584e-01  1.5707963267949e+00
 7.1399833036132e-01  1.5707963267949e+00
 4.2839899821679e-01  1.5707963267949e+00
 1.4279966607226e-01  1.5707963267949e+00
-1.4279966607226e-01  1.5707963267949e+00
-4.2839899821679e-01  1.5707963267949e+00
-7.1399833036132e-01  1.5707963267949e+00
-9.9959766250584e-01  1.5707963267949e+00
-1.2851969946504e+00  1.5707963267949e+00
-1.5707963267949e+00  1.2851969946504e+00
-1.5707963267949e+00  9.9959766250584e-01
-1.5707963267949e+00  7.1399833036132e-01
-1.5707963267949e+00  4.2839899821679e-01
-1.5707963267949e+00  1.4279966607226e-01
-1.5707963267949e+00 -1.4279966607226e-01
-1.5707963267949e+00 -4.2839899821679e-01
-1.5707963267949e+00 -7.1399833036132e-01
-1.5707963267949e+00 -9.9959766250584e-01
-1.5707963267949e+00 -1.2851969946504e+00
 5.3804639787558e-04  6.5183191051434e-03
-1.0776794790591e+00 -1.0913692420012e+00
-1.1452799446275e+00  1.1350488018016e+00
 1.1288013808513e+00  1.1513638355768e+00
 1.1466005352741e+00 -1.1355299080426e+00
 7.3561463731961e-01 -4.2610818545374e-01
 4.0533138140781e-01  7.7426773191769e-01
-7.0351375053933e-01  3.6828977312604e-01
-3.4503986557309e-01 -7.5568660423878e-01
-8.6931157270623e-01  1.3054994964146e+00
 1.2996023488063e+00  8.7563266501509e-01
 8.7655397132341e-01 -1.3072898280179e+00
-1.2884800976119e+00 -8.7330025735635e-01
-1.1553827795023e+00 -1.3468677926918e+00
-1.3472183841835e+00  1.3459179093054e+00
 1.3452105621022e+00  1.3480514538732e+00
 1.3472309863375e+00 -1.3459297401208e+00
-1.3830470173502e+00 -1.3863039747969e+00
-8.9338040816334e-01 -2.7704048583697e-01
 2.0030779903131e-01 -8.1546617954308e-01
-2.5618109804159e-01  8.9045110933802e-01
 8.4397225139735e-01  2.5791481747652e-01
-1.1620981548862e+00  6.0090156891149e-01
 5.9546651652341e-01  1.1714125655215e+00
 1.1569439790688e+00 -6.0362902721501e-01
-5.7329430432987e-01 -1.1436293272383e+00
-1.3422299236802e+00 -1.1634595615637e+00
 1.1352898433573e+00 -1.3907703308471e+00
 1.3886684168254e+00  1.1379042510810e+00
-1.1345398206219e+00  1.3905969289676e+00
 1.3934384260542e+00 -1.1282582125054e+00
 1.1249540725348e+00  1.3952048056568e+00
-1.3936838668720e+00  1.1287105737469e+00
-7.2971324784282e-02  4.8290942597957e-01
 4.8303871141493e-01  5.5671689883874e-02
-5.1204108584259e-01 -8.6950408078312e-02
-6.3617798218521e-02 -4.9947678512246e-01
 1.1087789550446e-01  1.1013095509110e+00
-1.1475391353087e+00  1.1842225101262e-01
 1.0787484939799e+00 -1.1820396499226e-01
-8.1103760230864e-01 -7.1296242514887e-01
 7.8488698039661e-01 -8.6803380620987e-01
 8.3888499858433e-01  7.9284914248399e-01
-7.6777548575808e-01  8.5834281480697e-01
-9.4186756616889e-02 -1.0732982433562e+00
 4.4648336310743e-01 -1.1052039127239e+00
-4.0472848068083e-01  1.1118376268635e+00
 1.0868356943348e+00  4.1236793769586e-01
-8.4868562931569e-01 -1.2964649357778e+00
-1.3155622150808e+00  8.6183861270090e-01
 1.3138748078062e+00 -8.6097342967242e-01
 8.5645123682317e-01  1.3187213471944e+00
-1.2856156290154e+00 -5.4959353200835e-01
-5.7221815504058e-01 -1.3737191446926e+00
 3.2535324995758e-01 -3.2579718679623e-01
-5.0333367474960e-01 -3.6347339515017e-01
 3.5797861410776e-01  3.9809165351547e-01
-3.8551187476661e-01  4.6100603648072e-01
-1.2711802581594e+00 -1.0000691071555e-01
-1.4916219339835e-01 -8.4917526937607e-01
 7.0879631622836e-01  2.7762577486890e-02
-7.8143245887169e-01 -7.9306847636431e-02
-4.0887835892638e-02  7.4492869380039e-01
-1.4231631825255e-01  1.1229180905733e+00
 1.0989475565219e+00  1.4299265622408e-01
 1.7911024144192e-01 -1.0739023097382e+00
 5.5805062860837e-01 -8.9904625041283e-01
-1.3185353865589e+00  3.3677568740156e-01
 3.1382099040920e-01  1.3053446361759e+00
 1.2957405858663e+00 -3.1851095516215e-01
-2.9908492148240e-01 -1.2934005027819e+00
-8.1631360406680e-01 -9.9826725239983e-01
-5.1889724786546e-01  8.8812006858756e-01
 8.4619599658673e-01  5.3961034688476e-01
 8.4338196070757e-01  1.0442559995589e+00
 1.0326144117100e+00 -8.5791694348752e-01
-1.0284433703759e+00  8.5200067771441e-01
-9.8970112664877e-01 -4.9955230874907e-01
-3.3891973340525e-01 -9.9777496794293e-01
 9.9930883150201e-01 -3.7946356921232e-01
-1.0193457951990e+00  3.6501881811241e-01
 3.6866919802380e-01  1.0221791806509e+00
 1.0291134608145e+00  9.0517367170623e-01
-8.9096349218361e-01  1.0427249570090e+00
 8.9979737544087e-01 -1.0454520936666e+00
 5.8546741888905e-01  1.3826378805380e+00
-1.3864478370074e+00  5.9137761127274e-01
 1.3798656356145e+00 -5.8848540136276e-01
 5.7825033622185e-01 -1.3299260225939e+00
-5.6047260668609e-01  1.3324026960160e+00
 1.3226379805174e+00  5.6639371481152e-01
-1.9941015178329e-01  2.3440942141747e-01
-2.2485031326665e-01 -2.4201001145397e-01
 6.0565290259905e-01  4.1709145296514e-01
 4.1152164831339e-01 -7.2492826661725e-01
-1.0140125908169e+00 -8.6864324505095e-01
 6.1348976261336e-01  9.1374865890708e-01
-8.8388615809932e-01  6.1819099499553e-01
 8.9281176927168e-01 -6.3615945011891e-01
-6.1257291900199e-01  6.5324449758212e-01
 5.5499889655039e-01 -2.0410217781047e-01
 2.5629152941002e-01  1.6935564629834e-01
 1.9708991541486e-01  6.0315945470044e-01
-6.7414815032483e-01  9.9244963794996e-02
 1.4276326616128e-02 -1.3181470524272e+00
 9.4250124027350e-02 -2.8878255420785e-01
 1.3290653153621e+00 -1.9403605963142e-03
 1.9518445453304e-04  1.3372771081816e+00
 1.0921949708857e-02 -7.1395371505472e-01
-1.7120603621447e-01 -6.7631827441326e-01
-6.9140580522655e-01 -2.5084042303208e-01
-2.3491136641041e-01  6.6567057098775e-01
-1.3768011979473e+00  6.5231759542199e-02
-5.6977021936028e-01 -8.7100172948954e-01
 6.9213166891737e-01 -1.0896693995242e+00
-1.0205564702726e+00 -8.2673698725921e-02
-7.3824314067636e-01 -4.5279849834181e-01
 1.0696909325818e+00  6.8256929519853e-01
-6.6773489038672e-01  1.0903717810997e+00
 3.0019686255583e-01 -1.3279699207036e+00
-3.0723897610392e-02  9.4392944898231e-01
 9.1231396979261e-01  2.2644983851790e-02
 2.6578794517677e-02 -9.0165310357735e-01
 1.3322087165368e+00  2.8223160000091e-01
-2.7954605609710e-01  1.3418343107573e+00
-1.3614990341977e+00 -3.0071878062308e-01
 8.3328083578243e-01 -1.7720703726077e-01
-1.1354284111098e+00 -3.0045288091936e-01
 1.6775172805174e-01  8.6482625978645e-01
-8.9265099959202e-01  1.3088275963760e-01
 3.6244612280932e-01 -9.1781783675219e-01
 3.7914182416686e-02  2.6125913657675e-01
 6.1427708027494e-01  1.9747953059724e-01
-2.8009627044658e-01  2.4031932383405e-02
 2.8691853512781e-01 -9.7503848307650e-02
-5.4358940487803e-01 -6.1400087528032e-01
-4.5567507759896e-01  1.8447846598670e-01
-3.0609395665921e-01 -5.2704258734315e-01
-1.0692413820390e+00 -7.0814087337837e-01
 2.0718847093717e-01 -5.4929085970956e-01
 6.2648362797879e-01  6.7034361443357e-01
 6.4273164967885e-01 -6.7370737758345e-01
 4.8001435514921e-01 -4.8412468057422e-01
-3.9822069273538e-01  7.1505183038128e-01
 4.6946030401648e-01  2.4376975056702e-01
 4.4011049134214e-01  5.7169449713601e-01
 1.5283194952654e-01  3.7657023237795e-01
