-1.570796326794896558e+00 -1.570796326794896558e+00
1.570796326794896558e+00 -1.570796326794896558e+00
1.570796326794896558e+00 1.570796326794896558e+00
-1.570796326794896558e+00 1.570796326794896558e+00
-1.285196994650369851e+00 -1.570796326794896558e+00
-9.995976625058432541e-01 -1.570796326794896558e+00
-7.139983303613166576e-01 -1.570796326794896558e+00
-4.283989982167899502e-01 -1.570796326794896558e+00
-1.427996660722634648e-01 -1.570796326794896558e+00
1.427996660722632427e-01 -1.570796326794896558e+00
4.283989982167899502e-01 -1.570796326794896558e+00
7.139983303613166576e-01 -1.570796326794896558e+00
9.995976625058435872e-01 -1.570796326794896558e+00
1.285196994650369628e+00 -1.570796326794896558e+00
1.570796326794896558e+00 -1.285196994650369851e+00
1.570796326794896558e+00 -9.995976625058432541e-01
1.570796326794896558e+00 -7.139983303613166576e-01
1.570796326794896558e+00 -4.283989982167899502e-01
1.570796326794896558e+00 -1.427996660722634648e-01
1.570796326794896558e+00 1.427996660722632427e-01
1.570796326794896558e+00 4.283989982167899502e-01
1.570796326794896558e+00 7.139983303613166576e-01
1.570796326794896558e+00 9.995976625058435872e-01
1.570796326794896558e+00 1.285196994650369628e+00
1.285196994650369851e+00 1.570796326794896558e+00
9.995976625058432541e-01 1.570796326794896558e+00
7.139983303613166576e-01 1.570796326794896558e+00
4.283989982167899502e-01 1.570796326794896558e+00
1.427996660722634648e-01 1.570796326794896558e+00
-1.427996660722632427e-01 1.570796326794896558e+00
-4.283989982167899502e-01 1.570796326794896558e+00
-7.139983303613166576e-01 1.570796326794896558e+00
-9.995976625058435872e-01 1.570796326794896558e+00
-1.285196994650369628e+00 1.570796326794896558e+00
-1.570796326794896558e+00 1.285196994650369851e+00
-1.570796326794896558e+00 9.995976625058432541e-01
-1.570796326794896558e+00 7.139983303613166576e-01
-1.570796326794896558e+00 4.283989982167899502e-01
-1.570796326794896558e+00 1.427996660722634648e-01
-1.570796326794896558e+00 -1.427996660722632427e-01
-1.570796326794896558e+00 -4.283989982167899502e-01
-1.570796326794896558e+00 -7.139983303613166576e-01
-1.570796326794896558e+00 -9.995976625058435872e-01
-1.570796326794896558e+00 -1.285196994650369628e+00
-8.118308301341890755e-04 -6.946406800360100699e-03
-1.079464795312983894e+00 -1.095331959600446936e+00
-1.143748872826308327e+00 1.133254571778189668e+00
1.127614593932668496e+00 1.148381122526771492e+00
1.144285033912920024e+00 -1.130915891023488884e+00
7.357865231893168101e-01 -4.289864633395406024e-01
4.041089675494913824e-01 7.769433312058171559e-01
-7.142047671915092710e-01 3.787341092915585961e-01
-3.399026174739918083e-01 -7.424764569616427723e-01
-8.762809630236517711e-01 1.306998250935197836e+00
1.300106105379469579e+00 8.804999000266701126e-01
8.779301438435366256e-01 -1.304931102019043498e+00
-1.280891357699912358e+00 -8.726140820585561730e-01
-1.156707483041327755e+00 -1.349024496214798141e+00
-1.348909553989847021e+00 1.344912154558517869e+00
1.343240203435927205e+00 1.350192932444230998e+00
1.349152250826217925e+00 -1.343968008281884785e+00
-1.385165849888463363e+00 -1.388462326958713744e+00
-8.949936541793692690e-01 -2.693956984583510406e-01
2.182046839117837145e-01 -8.309172954475544381e-01
-2.590700813975242989e-01 8.916946180842272307e-01
8.651504643045050402e-01 2.630803266597084855e-01
-1.162715319641933087e+00 6.049718915956517895e-01
5.977979147142942207e-01 1.168569278122220778e+00
1.152287647627852296e+00 -6.035768929150923112e-01
-5.746639954175203346e-01 -1.138627169569143449e+00
-1.341171936232554485e+00 -1.165476525506575545e+00
1.131483515490267822e+00 -1.384089847281359198e+00
1.382649951335525706e+00 1.132793994849376151e+00
-1.130908793000449553e+00 1.385368717228757873e+00
1.391459068517064690e+00 -1.123254887438755123e+00
1.122264488081204936e+00 1.393320365029125707e+00
-1.391555148461683489e+00 1.124507269349577232e+00
-7.867642154878339011e-02 4.760328062416400718e-01
5.063447973622641207e-01 5.469011918833763947e-02
-4.764695915969595630e-01 -4.425882889383756652e-02
-5.475151191886327984e-02 -5.374352004131099925e-01
1.111192734186332021e-01 1.105197718117541861e+00
-1.151754533673709391e+00 1.212529602180132532e-01
1.037947314758432160e+00 -9.140303202481689371e-02
-8.305666036877497049e-01 -7.154601364648558448e-01
7.750410662792711625e-01 -8.638174500501123454e-01
8.457913823498808270e-01 7.947256541522200735e-01
-7.744381381382123841e-01 8.664302886858505914e-01
-7.173521807634170022e-02 -1.078186171326531495e+00
4.293938204417704352e-01 -1.123355563999682172e+00
-4.104280589158635917e-01 1.117253337337019925e+00
1.095445815160047909e+00 4.195021452219105940e-01
-8.465807574902163291e-01 -1.300719077349441255e+00
-1.323173608167877324e+00 8.601366910999208582e-01
1.321094960146869113e+00 -8.581302970925125395e-01
8.557970588816530277e-01 1.326548709524030922e+00
-1.289589345049155567e+00 -5.469077705791017818e-01
-5.731587577825721924e-01 -1.375447114608264965e+00
3.386366698904786365e-01 -3.247349753462075439e-01
-4.963518133193140502e-01 -3.512834159223075514e-01
3.582006697596371581e-01 4.005403106751903586e-01
-4.005321025198656515e-01 4.782892403398507075e-01
-1.272932605434254238e+00 -1.067781918096204069e-01
-7.777737058860240138e-02 -8.091607210002192963e-01
7.740386515092932962e-01 1.251165494393278489e-02
-7.741043207917920332e-01 -5.754480039758358423e-02
-4.112742414631703064e-02 7.454390876737546634e-01
-1.471466165756354083e-01 1.126797522744982905e+00
1.102054948155894332e+00 1.633117987057628173e-01
1.856425026528311373e-01 -1.091686434298984043e+00
5.005326936266334403e-01 -8.920263197014767220e-01
-1.320753821087682800e+00 3.316370558007615266e-01
3.181933618232986594e-01 1.310504916503889561e+00
1.290330486715353109e+00 -3.169309223358688365e-01
-2.996719215334580633e-01 -1.293326595148597713e+00
-8.229667354267152790e-01 -1.000329917638195676e+00
-5.257007857730678912e-01 8.952745244270579050e-01
8.564714893654569172e-01 5.416935938897989855e-01
8.474480084595580331e-01 1.043993363310063316e+00
1.032085059709853203e+00 -8.555345610406391854e-01
-1.032507087477268604e+00 8.574296151987419456e-01
-9.996153983970895718e-01 -4.979738094093106859e-01
-3.238897950099914325e-01 -9.891504276236792181e-01
9.905560240340900435e-01 -3.809340450867254035e-01
-1.021957220710640657e+00 3.680380755391006176e-01
3.686454498770332933e-01 1.025033325919344485e+00
1.040600278467370687e+00 9.110508890512022395e-01
-9.012111815120485980e-01 1.052969274543630096e+00
9.026083742791806142e-01 -1.049628441761922826e+00
5.825910940447160957e-01 1.389622491030319207e+00
-1.389639363149263174e+00 5.877031100165404087e-01
1.381759525121651899e+00 -5.837037669695999131e-01
5.714884261033180701e-01 -1.333949772499766206e+00
-5.653492641872377433e-01 1.335550502279319929e+00
1.325720070736770895e+00 5.700002661992716879e-01
-2.391481735203405123e-01 1.952861799889144545e-01
-2.103844881262482425e-01 -2.539648046309649354e-01
6.129851827728696190e-01 4.141666034461549684e-01
4.170202228338600325e-01 -6.812198246005148894e-01
-1.021654729472128764e+00 -8.785434433926505582e-01
6.158237183350249166e-01 9.135910390225854272e-01
-8.878347415880960547e-01 6.241394948021178335e-01
8.892151823379701447e-01 -6.315335222431240902e-01
-6.192744263507394820e-01 6.629755445239696732e-01
5.688086109850934990e-01 -2.108602297255143532e-01
2.592474248068475928e-01 1.757590014092840214e-01
2.004605551698408761e-01 6.048391687100110881e-01
-6.725248929220655203e-01 1.317406341385681245e-01
1.887171919033387921e-02 -1.324443422624759670e+00
1.004182174517405796e-01 -2.942334434708706037e-01
1.318846274909837302e+00 7.853235795651544726e-03
-7.618182087533545985e-04 1.339165984675086962e+00
7.954082399164523476e-02 -6.813216188826870523e-01
-1.959018464440268059e-01 -6.536318669812564153e-01
-6.786628998492165721e-01 -2.333174008152207324e-01
-2.383972903482288186e-01 6.655294065888675004e-01
-1.377511458731576877e+00 6.898280872116133167e-02
-5.754095779438416214e-01 -8.666920666692533581e-01
6.776233929013263380e-01 -1.094831463901755564e+00
-1.022435846417170113e+00 -7.835578783073143816e-02
-7.437421190356069411e-01 -4.462629950531853962e-01
1.078719464169996201e+00 6.866214782943838024e-01
-6.763766542265797765e-01 1.097196394253467044e+00
2.968248391006591547e-01 -1.336604252910319479e+00
-3.466617800858074611e-02 9.501744032654959593e-01
9.477201880627261765e-01 8.759786802255559168e-02
6.450909818861770562e-02 -9.537813157904500017e-01
1.332051412109630073e+00 2.890755370379113898e-01
-2.831388362355011235e-01 1.344585892540345773e+00
-1.369860871055989637e+00 -3.057590242851561668e-01
8.241143581341067170e-01 -2.190461348709431544e-01
-1.142619713152329686e+00 -3.015160067305550085e-01
1.674894010286318569e-01 8.696606880391198890e-01
-8.933337837408118487e-01 1.446337995733145421e-01
3.352288506456694295e-01 -9.856082238489359826e-01
1.851168345165559587e-02 2.459132102286308297e-01
6.495645313329179160e-01 1.990576613322769806e-01
-2.321909466726455040e-01 -2.590072635196215972e-02
2.967312672754408021e-01 -1.003026312376032458e-01
-5.509344531927041766e-01 -6.081640256126219501e-01
-5.011404788959320511e-01 2.299896569386187528e-01
-3.090728008939458982e-01 -5.243872676944120181e-01
-1.086090033624601547e+00 -7.033651963489994108e-01
2.285396798128788431e-01 -5.462696334745843485e-01
6.303740711075592751e-01 6.695691493345162781e-01
6.369574154476645989e-01 -6.616592398285131571e-01
4.899358334054156328e-01 -4.750861959879610352e-01
-4.093390038330306235e-01 7.216665354929093779e-01
4.786893678929649565e-01 2.491681422396633816e-01
4.418192101172460085e-01 5.738052115311009782e-01
1.517312689973358275e-01 3.818449573710228639e-01
