13 1 60
57 5 92
92 6 97
114 8 148
55 12 71
43 0 61
4 5 57
6 7 97
56 45 139
23 2 59
33 3 58
97 7 114
60 14 74
113 18 150
54 22 72
14 15 74
12 13 71
1 14 60
94 16 131
0 4 61
16 17 131
55 48 128
17 18 113
22 23 72
18 19 150
59 24 75
112 28 151
53 32 73
2 24 59
24 25 75
135 44 175
95 26 129
26 27 129
32 33 73
3 34 58
58 34 76
27 28 112
28 29 151
5 6 92
8 9 148
34 35 76
93 36 130
36 37 130
111 38 156
56 42 70
37 38 111
53 46 127
38 39 156
54 47 126
146 77 190
145 44 178
123 49 142
41 42 56
11 12 55
21 22 54
157 52 179
31 32 53
125 50 140
132 55 158
101 51 180
58 46 73
102 39 169
59 47 72
151 29 168
60 48 71
150 19 167
42 43 70
148 9 163
57 45 70
103 52 122
76 35 93
35 36 93
75 25 95
25 26 95
74 15 94
15 16 94
45 56 70
4 57 61
40 41 96
41 56 96
179 52 181
9 10 163
133 53 162
29 30 168
134 54 161
19 20 167
30 31 133
121 62 171
20 21 134
184 50 189
10 11 132
185 49 186
96 56 182
119 85 128
61 57 70
43 61 70
48 55 71
13 60 71
47 54 72
23 59 72
46 53 73
33 58 73
48 60 74
119 68 142
47 59 75
118 67 140
46 58 76
124 51 141
120 66 141
120 87 127
118 86 126
104 65 176
139 84 182
90 64 107
103 63 152
103 80 153
146 50 172
106 64 155
105 79 147
105 62 154
144 49 170
91 65 108
136 44 177
45 57 92
152 63 183
113 68 131
145 78 188
112 67 129
147 79 180
111 66 130
122 52 157
109 63 166
128 85 158
110 63 174
107 64 164
141 51 143
108 65 165
126 86 161
7 8 114
92 69 115
46 76 93
93 66 120
48 74 94
94 68 119
47 75 95
95 67 118
154 62 160
115 84 139
114 88 122
69 92 97
104 78 144
136 80 149
153 80 181
121 84 160
106 77 146
144 78 178
145 100 190
127 87 162
147 51 173
39 40 169
149 80 183
88 103 122
137 100 188
142 49 185
155 64 187
99 79 154
140 50 184
101 77 155
133 90 168
125 81 172
134 91 167
104 83 165
103 88 166
132 89 163
109 89 174
110 85 185
111 82 124
102 82 156
112 81 125
107 81 151
113 83 123
108 83 150
109 88 148
69 97 114
115 69 157
45 92 115
64 90 116
116 87 143
65 91 117
117 86 184
86 118 140
47 95 118
85 119 142
48 94 119
51 101 143
46 93 120
40 96 169
169 96 171
69 114 122
160 84 179
123 83 170
68 113 123
124 82 173
66 111 124
164 106 172
67 112 125
117 91 161
47 118 126
116 90 162
46 120 127
110 89 158
48 119 128
67 95 129
27 112 129
66 93 130
37 111 130
68 94 131
17 113 131
11 55 132
85 110 158
31 53 133
87 116 162
21 54 134
86 117 161
159 105 173
77 101 135
79 99 136
135 79 177
146 100 189
65 117 137
144 98 186
63 110 138
45 115 139
121 96 182
67 125 140
137 117 184
87 120 141
66 124 141
68 123 142
138 110 185
143 101 187
87 141 143
149 98 178
83 104 170
183 138 186
176 137 188
175 145 190
50 125 172
51 124 173
135 101 180
89 109 163
88 114 148
44 136 149
98 144 178
91 108 167
83 113 150
90 107 168
81 112 151
80 103 152
63 138 183
52 103 153
136 99 181
80 136 181
79 105 154
64 116 187
77 106 155
39 102 156
82 111 156
84 115 157
69 122 157
55 128 158
89 132 158
82 102 159
62 105 159
62 121 160
99 154 160
54 126 161
91 134 161
53 127 162
90 133 162
10 132 163
109 148 163
64 106 164
81 107 164
65 104 165
83 108 165
63 103 166
88 109 166
20 134 167
108 150 167
30 133 168
107 151 168
159 102 171
96 121 171
49 123 170
104 144 170
62 159 171
102 169 171
106 146 172
81 164 172
105 147 173
82 159 173
63 109 174
89 110 174
77 135 175
44 145 175
78 104 176
65 137 176
44 135 177
79 136 177
78 145 178
44 149 178
84 157 179
99 160 179
79 135 180
51 147 180
52 153 181
99 179 181
84 121 182
56 139 182
98 149 183
80 152 183
100 137 189
86 140 184
49 144 186
85 142 185
98 183 186
138 185 186
116 143 187
101 155 187
100 145 188
78 176 188
50 146 189
137 184 189
100 146 190
77 175 190
